================================================================
         omega_k [cm^-1]          z_k [cm^-1]                   
================================================================
   -1.249124562281141e+02     1.664292483452905e+01
   -1.087043521760880e+02     1.581448236216169e+01
   -9.294647323661832e+01     1.605102589780514e+01
   -7.673836918459233e+01     1.619811709598580e+01
   -6.098049024512256e+01     1.549097472188719e+01
   -4.522261130565283e+01     1.606883929149483e+01
   -2.946473236618311e+01     1.533061939466626e+01
   -1.415707853926966e+01     1.536251508130726e+01
    2.501250625312537e-01     1.276536140618066e+01
    1.375687843921958e+01     1.467000633501904e+01
    2.951475737868930e+01     1.611824711401915e+01
    4.527263631815907e+01     1.575957130582216e+01
    6.148074037018506e+01     1.631463567206270e+01
    7.723861930965478e+01     1.557193303720087e+01
    9.344672336168084e+01     1.667731506371531e+01
    1.096548274137068e+02     1.586171614876229e+01
    1.258629314657328e+02     1.659640643308261e+01
    1.420710355177589e+02     1.594060879109244e+01
    1.582791395697849e+02     1.658076727659518e+01
    1.744872436218109e+02     1.603452260907971e+01
