================================================================
         omega_k [cm^-1]          z_k [cm^-1]                   
================================================================
   -1.992259429118126e+02     2.268238396417402e+00
   -1.958580229647153e+02     5.225966201047913e+00
   -1.898843463808784e+02     8.063345299125826e+00
   -1.814443679587347e+02     1.071373434983535e+01
   -1.707300834579819e+02     1.312524458207938e+01
   -1.579743027639424e+02     1.525889419148081e+01
   -1.434388943453731e+02     1.708884760118223e+01
   -1.274032849368565e+02     1.860156616955939e+01
   -1.101542242660711e+02     1.979384843118975e+01
   -9.197781235826687e+01     2.066970911216591e+01
   -7.315504802120658e+01     2.123544462765693e+01
   -5.396351504144396e+01     2.148999107046943e+01
   -3.469427728198644e+01     2.139534718167424e+01
   -1.574288512143434e+01     2.067237105415385e+01
   -2.119296533986983e-01     3.712028326745579e+00
    1.412606985960878e+01     2.047352250096404e+01
    3.284257280051089e+01     2.106190702133457e+01
    5.174354258389128e+01     2.100338256362580e+01
    7.043548294659523e+01     2.061329541076791e+01
    8.865308585814601e+01     1.995106155855655e+01
    1.061623810882953e+02     1.903661822466966e+01
    1.227421691629126e+02     1.788076208625515e+01
    1.381802632201963e+02     1.649357560092230e+01
    1.522744734945463e+02     1.488758177098558e+01
    1.648354613320317e+02     1.307902955986129e+01
    1.756903240178704e+02     1.108833426157823e+01
    1.846863517208627e+02     8.940061070919676e+00
    1.916946344627810e+02     6.662630265236615e+00
    1.966133464894332e+02     4.287957668031056e+00
    1.993712961680984e+02     1.853818868885436e+00
