================================================================
         omega_k [cm^-1]          g_k [cm^-1]               
================================================================
    7.851962990747688e+02     4.093668599281280e+05
    8.672168042010508e+02     4.386772978007973e+05
    9.512378094523636e+02     5.640287695399703e+05
    1.033258314578645e+03     6.304582155331858e+05
    1.115278819704927e+03     8.607166452522877e+05
    1.197299324831208e+03     1.067371017250804e+06
    1.273318329582396e+03     1.520350110001169e+06
    1.341335333833459e+03     1.821495328366423e+06
    1.397349337334334e+03     2.123940816489799e+06
    1.461365341335334e+03     1.883984442068256e+06
    1.531382845711429e+03     1.411963674367863e+06
    1.609402350587648e+03     1.042391996584391e+06
    1.691422855713929e+03     8.050053736797007e+05
    1.773443360840210e+03     6.285645793053490e+05
    1.857464366091524e+03     5.409763108036789e+05
    1.941485371342837e+03     4.399836424876344e+05
    2.025506376594149e+03     4.008084573498122e+05
