================================================================
         omega_k [cm^-1]          g_k [cm^-1]               
================================================================
   -8.774387193596799e+01     7.617519748631211e+03
   -7.213606803401701e+01     7.678114440502584e+03
   -5.632816408204104e+01     1.571501452638895e+04
   -4.072036018009007e+01     1.776449850125282e+04
   -2.511255627813907e+01     3.677810579919039e+04
   -9.304652326163080e+00     5.074410569775479e+04
    1.000500250125071e-01     1.501173391414990e+05
    1.610805402701348e+01     6.255590320663278e+04
    2.471235617808903e+01     2.828812061166785e+04
    4.072036018009004e+01     4.181838614769503e+04
    5.672836418209101e+01     2.905334384273328e+04
    7.333666833416709e+01     2.850075202301534e+04
    8.934467233616806e+01     2.099197847735241e+04
    1.053526763381691e+02     2.104554408126777e+04
    1.217608804402201e+02     1.598437719693841e+04
    1.379689844922461e+02     1.584790129606371e+04
    1.543771885942971e+02     1.178492231204181e+04
    1.705852926463232e+02     1.222150594474755e+04
    1.867933966983491e+02     7.731532405385267e+03
    2.000000000000000e+02     9.096405490998699e+03
