================================================================
         omega_k [cm^-1]          z_k [cm^-1]                   
================================================================
   -1.994099372174586e+02     1.764037828111097e+00
   -1.964936022628382e+02     4.065009019405886e+00
   -1.912990629492479e+02     6.310047122523494e+00
   -1.839059231440162e+02     8.456246502582488e+00
   -1.744295594125854e+02     1.047124064492261e+01
   -1.630157119375360e+02     1.232663320600706e+01
   -1.498364967469193e+02     1.399810863802255e+01
   -1.350862473320818e+02     1.546554641152116e+01
   -1.189773867378572e+02     1.671282525070255e+01
   -1.017367012018540e+02     1.772718915960008e+01
   -8.360256831601534e+01     1.849790010685404e+01
   -6.482418903574374e+01     1.901334674857398e+01
   -4.566553011592082e+01     1.925361472766554e+01
   -2.642382395510869e+01     1.916366815826255e+01
   -7.528839762045788e+00     1.843688616994105e+01
    1.034878987127015e+01     1.864901225350673e+01
    2.932093531881391e+01     1.916382948485199e+01
    4.851694201893370e+01     1.916692160631452e+01
    6.755354429111877e+01     1.885786793585318e+01
    8.614643168003106e+01     1.828408184775533e+01
    1.040419115277525e+02     1.746560472244287e+01
    1.210021206661944e+02     1.641566845823015e+01
    1.368017761682684e+02     1.514678351583457e+01
    1.512288092536857e+02     1.367311968795053e+01
    1.640866265779797e+02     1.201157213329864e+01
    1.751971012059429e+02     1.018221855475542e+01
    1.844038289629626e+02     8.208418482318692e+00
    1.915753587932414e+02     6.116683279789370e+00
    1.966082787491104e+02     3.936634397729168e+00
    1.994318457946284e+02     1.707786263400320e+00
