================================================================
         omega_k [cm^-1]          g_k [cm^-1]               
================================================================
   -2.058529264632316e+02     2.047978686400432e+00
   -1.898449224612306e+02     2.247931459278678e+00
   -1.733366683341671e+02     2.890631958785315e+00
   -1.573286643321661e+02     3.189458228349781e+00
   -1.413206603301651e+02     4.007550845161051e+00
   -1.253126563281641e+02     4.559843537945532e+00
   -1.093046523261631e+02     5.601823135949688e+00
   -9.329664832416205e+01     6.478073992070806e+00
   -7.728864432216108e+01     7.848868970723466e+00
   -6.128064032016005e+01     9.177271902936356e+00
   -4.527263631815907e+01     1.095844174378739e+01
   -2.976488244122055e+01     1.258981854232977e+01
   -1.425712856428208e+01     1.507688143054417e+01
    2.501250625313105e-01     1.581423062227716e+01
    1.375687843921969e+01     1.509878370489664e+01
    2.926463231615810e+01     1.393831641463727e+01
    4.527263631815914e+01     1.221617895982856e+01
    6.128064032016016e+01     1.067670558231505e+01
    7.728864432216108e+01     9.393090672463670e+00
    9.329664832416211e+01     8.157775443135780e+00
    1.093046523261631e+02     7.224463655320301e+00
    1.253126563281642e+02     6.209918997048707e+00
    1.413206603301651e+02     5.593263000478052e+00
    1.578289144572286e+02     4.778537038831915e+00
    1.738369184592296e+02     4.246235983258146e+00
    1.903451725862932e+02     3.640083909731400e+00
    2.063531765882942e+02     3.233583320380943e+00
    2.228614307153578e+02     2.762304112157633e+00
    2.388694347173588e+02     2.466978760826865e+00
    2.553776888444223e+02     2.088923335998289e+00
    2.713856928464232e+02     1.881000986276587e+00
